010100000000010001000000010000
010100000001010001000000010000
010100000010010001000000010000
010100000011010001000000010000
010100000100010001000000010000
010100000101010001000000010000
010100000110010001000000010000
010100000111010001000000010000
010100000000100001000000000000
010100000001100001000000000000
010100000010100001000000000000
010100000011100001000000000000
010100000100100001000000000000
010100000101100001000000000000
010100000110100001000000000000
010100000111100001000000000000
101000000000000000000000000000
100000000001100000000000000000
110000000000000000000000000000
011100000000110001000000010000
011100000001110001000000010000
011100000010110001000000010000
011100000011110001000000010000
011100000100110001000000010000
011100000101110001000000010000
011100000110110001000000010000
011100000111110001000000010000
001000000000000000000000000000
