000100000000000000000000000000
010000000000010001000000000000
010000000001010001000000000001
010000000010010001000000000010
010000000011010001000000000011
010000000100010001000000000100
010000000101010001000000000101
010000000110010001000000000110
010000000111010001000000000111
010000001000010001000000001000
010000001001010001000000001001
010000001010010001000000001010
010000001011010001000000001011
010000001100010001000000001100
010000001101010001000000001101
010000001110010001000000001110
010000001111010001000000001111
010100000000100001000000010000
010100000001100001000000010000
010100000010100001000000010000
010100000011100001000000010000
010100000100100001000000010000
010100000101100001000000010000
010100000110100001000000010000
010100000111100001000000010000
100100000000000000000000000000
011000000000100001000000100000
011000000001100001000000100001
011000000010100001000000100010
011000000011100001000000100011
011000000100100001000000100100
011000000101100001000000100101
011000000110100001000000100110
011000000111100001000000100111
011000001000100001000000101000
011000001001100001000000101001
011000001010100001000000101010
011000001011100001000000101011
011000001100100001000000101100
011000001101100001000000101101
011000001110100001000000101110
011000001111100001000000101111
010100000000010001000000110000
010100000001010001000000110000
010100000010010001000000110000
010100000011010001000000110000
010100000100010001000000110000
010100000101010001000000110000
010100000110010001000000110000
010100000111010001000000110000
100100000000000000000000000000
100000000001100000000000000000
100100000000000000000000000000
011100000000100001000001000000
011100000001100001000001000000
011100000010100001000001000000
011100000011100001000001000000
011100000100100001000001000000
011100000101100001000001000000
011100000110100001000001000000
011100000111100001000001000000
010100000000010001000000100000
010100000001010001000000100000
010100000010010001000000100000
010100000011010001000000100000
010100000100010001000000100000
010100000101010001000000100000
010100000110010001000000100000
010100000111010001000000100000
101000000000000000000000000000
011100000000100001000001010000
011100000001100001000001010000
011100000010100001000001010000
011100000011100001000001010000
011100000100100001000001010000
011100000101100001000001010000
011100000110100001000001010000
011100000111100001000001010000
100000000001100000000000000000
101100000000000000000000000000
011100000000110001000001100000
011100000001110001000001100000
011100000010110001000001100000
011100000011110001000001100000
011100000100110001000001100000
011100000101110001000001100000
011100000110110001000001100000
011100000111110001000001100000
010100000000010001000001000000
010100000001010001000001000000
010100000010010001000001000000
010100000011010001000001000000
010100000100010001000001000000
010100000101010001000001000000
010100000110010001000001000000
010100000111010001000001000000
110000000000000000000000000000
011100000000110001000001110000
011100000001110001000001110000
011100000010110001000001110000
011100000011110001000001110000
011100000100110001000001110000
011100000101110001000001110000
011100000110110001000001110000
011100000111110001000001110000
110100000000000001000000000000
110100000000000001000000000001
110100000000000001000000000010
110100000000000001000000000011
110100000000000001000000000100
110100000000000001000000000101
110100000000000001000000000110
110100000000000001000000000111
110100000000000001000000001000
110100000000000001000000001001
110100000000000001000000001010
110100000000000001000000001011
110100000000000001000000001100
110100000000000001000000001101
110100000000000001000000001110
110100000000000001000000001111
110100000000000001000000010000
110100000000000001000000010001
110100000000000001000000010010
110100000000000001000000010011
110100000000000001000000010100
110100000000000001000000010101
110100000000000001000000010110
110100000000000001000000010111
110100000000000001000000011000
110100000000000001000000011001
110100000000000001000000011010
110100000000000001000000011011
110100000000000001000000011100
110100000000000001000000011101
110100000000000001000000011110
110100000000000001000000011111
110100000000000001000000100000
110100000000000001000000100001
110100000000000001000000100010
110100000000000001000000100011
110100000000000001000000100100
110100000000000001000000100101
110100000000000001000000100110
110100000000000001000000100111
110100000000000001000000101000
110100000000000001000000101001
110100000000000001000000101010
110100000000000001000000101011
110100000000000001000000101100
110100000000000001000000101101
110100000000000001000000101110
110100000000000001000000101111
110100000000000001000000110000
110100000000000001000000110001
110100000000000001000000110010
110100000000000001000000110011
110100000000000001000000110100
110100000000000001000000110101
110100000000000001000000110110
110100000000000001000000110111
110100000000000001000000111000
110100000000000001000000111001
110100000000000001000000111010
110100000000000001000000111011
110100000000000001000000111100
110100000000000001000000111101
110100000000000001000000111110
110100000000000001000000111111
110100000000000001000001000000
110100000000000001000001000001
110100000000000001000001000010
110100000000000001000001000011
110100000000000001000001000100
110100000000000001000001000101
110100000000000001000001000110
110100000000000001000001000111
110100000000000001000001001000
110100000000000001000001001001
110100000000000001000001001010
110100000000000001000001001011
110100000000000001000001001100
110100000000000001000001001101
110100000000000001000001001110
110100000000000001000001001111
110100000000000001000001010000
110100000000000001000001010001
110100000000000001000001010010
110100000000000001000001010011
110100000000000001000001010100
110100000000000001000001010101
110100000000000001000001010110
110100000000000001000001010111
110100000000000001000001011000
110100000000000001000001011001
110100000000000001000001011010
110100000000000001000001011011
110100000000000001000001011100
110100000000000001000001011101
110100000000000001000001011110
110100000000000001000001011111
110100000000000001000001100000
110100000000000001000001100001
110100000000000001000001100010
110100000000000001000001100011
110100000000000001000001100100
110100000000000001000001100101
110100000000000001000001100110
110100000000000001000001100111
110100000000000001000001101000
110100000000000001000001101001
110100000000000001000001101010
110100000000000001000001101011
110100000000000001000001101100
110100000000000001000001101101
110100000000000001000001101110
110100000000000001000001101111
110100000000000001000001110000
110100000000000001000001110001
110100000000000001000001110010
110100000000000001000001110011
110100000000000001000001110100
110100000000000001000001110101
110100000000000001000001110110
110100000000000001000001110111
110100000000000001000001111000
110100000000000001000001111001
110100000000000001000001111010
110100000000000001000001111011
110100000000000001000001111100
110100000000000001000001111101
110100000000000001000001111110
110100000000000001000001111111
111000000000000000000000000000
