00000001
00000010
00000011
00000100
00000101
00000110
00000111
00001000
00001001
00001010
00001011
00001100
00001101
00001110
00001111
00010000
00010000
00010000
00010000
00010000
00010000
00010000
00010000
00010000
00010000
00010000
00010000
00010000
00010000
00010000
00010000
00010000
00010010
00010100
00010110
00011000
00011010
00011100
00011110
00100000
00100010
00100100
00100110
00101000
00101010
00101100
00101110
00110000
00110001
00110010
00110011
00110100
00110101
00110110
00110111
00111000
00111001
00111010
00111011
00111100
00111101
00111110
00111111
01000000
10000110
10001100
10010010
10011000
10011110
10100100
10101010
10110000
10110110
10111100
11000010
11001000
11001110
11010100
11011010
11100000
01110100
01111000
01111100
10000000
10000100
10001000
10001100
10010000
10010100
10011000
10011100
10100000
10100100
10101000
10101100
10110000
10001100
10001000
10000100
10000000
01111100
01111000
01110100
01110000
01101100
01101000
01100100
01100000
01011100
01011000
01010100
01010000
01111010
01110100
01101110
01101000
01100010
01011100
01010110
01010000
01001010
01000100
00111110
00111000
00110010
00101100
00100110
00100000